blas=1.0
blosc=1.21.3
boost-cpp=1.82.0
brotli=1.0.9
brotli-bin=1.0.9
brotli-python=1.0.9
bzip2=1.0.8
ca-certificates=2024.3.11
cairo=1.16.0
certifi=2024.2.2
cffi=1.16.0
cfitsio=3.470
charset-normalizer=2.0.4
colorama=0.4.6
contourpy=1.2.0
cycler=0.11.0
eigen=3.4.0
expat=2.6.2
ffmpeg=4.2.2
filelock=3.13.1
fontconfig=2.14.1
fonttools=4.25.0
freetype=2.12.1
freexl=2.0.0
fsspec=2023.10.0
geos=3.8.0
geotiff=1.7.0
giflib=5.2.1
glib=2.78.4
glib-tools=2.78.4
gmpy2=2.1.2
grad-cam=1.5.0
gst-plugins-base=1.18.5
gstreamer=1.18.5
hdf4=4.2.13
hdf5=1.12.1
huggingface_hub=0.20.3
icc_rt=2022.1.0
icu=58.2
idna=3.4
intel-openmp=2023.1.0
jinja2=3.1.3
joblib=1.2.0
jpeg=9e
kealib=1.5.0
kiwisolver=1.4.4
krb5=1.20.1
lcms2=2.12
lerc=3.0
libboost=1.82.0
libbrotlicommon=1.0.9
libbrotlidec=1.0.9
libbrotlienc=1.0.9
libclang=14.0.6
libclang13=14.0.6
libcurl=8.5.0
libdeflate=1.17
libexpat=2.6.2
libffi=3.4.2
libgdal=3.6.2
libglib=2.78.4
libiconv=1.16
libkml=1.3.0
libnetcdf=4.8.1
libogg=1.3.5
libpng=1.6.39
libpq=12.17
libprotobuf=3.20.3
libspatialite=5.1.0
libsqlite=3.45.2
libssh2=1.10.0
libtiff=4.5.1
libuv=1.44.2
libvorbis=1.3.7
libwebp=1.3.2
libwebp-base=1.3.2
libxml2=2.10.4
libxslt=1.1.37
libzip=1.8.0
libzlib=1.2.13
lz4-c=1.9.4
markupsafe=2.1.3
matplotlib-base=3.8.4
minizip=4.0.3
mkl=2023.1.0
mkl-service=2.4.0
mkl_fft=1.3.8
mkl_random=1.2.4
mpc=1.1.0
mpfr=4.0.2
mpir=3.0.0
mpmath=1.3.0
munkres=1.1.4
networkx=3.1
ninja=1.10.2
ninja-base=1.10.2
numpy=1.26.4
numpy-base=1.26.4
opencv=4.6.0
openjpeg=2.4.0
openssl=3.2.1
packaging=23.2
pcre2=10.42
pillow=10.2.0
pip=24.0
pixman=0.40.0
poppler=22.12.0
poppler-data=0.4.11
proj=9.3.1
pycparser=2.21
pyparsing=3.0.9
pysocks=1.7.1
python=3.10.13
python-dateutil=2.8.2
pytorch=2.2.0
pyyaml=6.0.1
qhull=2020.2
qt-main=5.15.2
qt-webengine=5.15.9
qtwebkit=5.212
quantus=0.5.3
requests=2.31.0
safetensors=0.4.2
scikit-learn=1.3.0
scipy=1.12.0
setuptools=69.5.1
six=1.16.0
sqlite=3.41.2
sympy=1.12
tbb=2021.8.0
threadpoolctl=2.2.0
tiledb=2.3.3
timm=0.9.16
tk=8.6.13
torchvision=0.15.2
tqdm=4.65.0
ttach=0.0.3
typing-extensions=4.9.0
typing_extensions=4.9.0
tzdata=2024a
ucrt=10.0.22621.0
uriparser=0.9.7
urllib3=2.1.0
vc=14.3
vc14_runtime=14.38.33130
vs2015_runtime=14.38.33130
wheel=0.43.0
win_inet_pton=1.1.0
xerces-c=3.2.4
xz=5.4.6
yaml=0.2.5
zlib=1.2.13
zstd=1.5.5
